and
like
no
object
https
html
http
reply
thread
www
com
net
el
la
de
said
return
free
get
use
jpg
png
org
also
one
see
new
ddos
would
fuck
20
10
du
pas
une
il
pour
est
des
que
les
un
le
je
en
sujet
et
no
ru
co
60
kb
los
se
es
go
bir
no
ws
ds
wp
ca
pm
1886
1888
367598522
46263
3329
46548177
17
46
361296321
367595771
11
334
333
332
img20220215063735
9d0835d9
361257716
361253040
367637913
92aa
942
367565474
1606304260271
459
2956
2952
2953
2957
12
17
361243680
1638457331575
2022
34
31
367654268
2510
1641986335909
2513
361244249
2512
1630079602701
361245457
430
4720
5796
361247681
2514
1881
309
1611510780868
46265
33945
46561436
46561429
46561218
46560222
46562062
15
273
272
274
913
100
02
361258312
911
361265361
361256737
09
131
2176
361253936
1879
361237018
35
44
2021
5799
18
43
1889
361260942
1887
367647092
361271382
4724
46264
37354
1047
361245267
2955
2954
5794
5798
1598729332836
361246940
361246249
361245555
361239264
1522299606084
001
367667641
1882
361258011
456
457
367655835
8865
367634310
943
944
946
361254800
361255251
945
337
361258888
336
361250943
335
46555716
46556115
46554926
45
1628596211627
30
367662515
47316584
367666581
2509
5795
26
312
311
310
314
361288743
361309816
361272272
442
361264937
1495361673663
4723
167
163
165
1644624874387
361387426
361258569
361261981
1885
367616261
367660090
915
914
367617575
367604494
916
1820
361252632
1817
367660726
367660491
367654897
367687893
367659492
2511
3877
367665634
46548676
4006
361244506
361263653
25
293845
47294845
276
277
25252206
47294702
367580890
04
138
1878
1877
361256727
46546995
367654605
941
4722
4725
1890
367624152
361260890
361261111
1816
1819
313
367659001
361309040
367656305
367622291
367621409
361
361310000
367566472
367564212
367666869
1644908792545
441
367633687
5797
46548648
58
367631148
367660591
367597429
440
438
439
1821
367580514
25255606
275
25255769
46561159
361246929
361253280
1644716916440
367629816
47308957
2172
699
1880
431
174
931
1934578574556
265
264
263
267
367542587
1645044234377
361257236
361248184
886
761
1194
361248557
235
361250269
361256951
1546943459988
934
2174
2173
4721
889
888
887
361251851
884
3178
1818
39
32
40
27
28
21
29
22
23
24
19
14
13
16
361254830
2000
367633722
918
367627479
367621977
659
3396
361251697
361324815
361388729
46600476
361389486
367319007
1546483949766
46568968
69
361249611
46548108
193485447495
361263815
367613713
367645073
885
6123
367618532
361278353
432
429
361258424
367659094
2175
917
47310671
8556
394
1644224995568
1243
361279032
434
367618173
25158701
1636088578744
143
25157750
361467069
25255904
142
146
455
458
367635865
367630099
361252133
1200
367652295
08
460
361252418
367623005
1635813346649
366218899
366893246
366219777
433
67
4987
46567291
361255825
108
361344208
1644791451040
105
361416071
1618104452929
25229070
362812600
366936919
366951638
25228972
5151151
25228979
25229046
25229020
25228971
25228963
367567611
367618381
195
361244653
367568785
367563370
198
193
194
197
1406949060413
391
03
01
0000
00
2020
03
2019
05
07
03
2010
06
2018
8080
120
陌陌
80
000
250
270
97
